0
2
0
0
0
0
0
0
0
0
0
0
13
0
0
0
0
0
0
0
0
0
0
0
0
0
0
0
0
0
0
32
0
0
0
0
0
0
0
40
0
0
0
0
0
0
47
0
0
0
0
0
0
0
0
0
0
58
0
0
61
62
0
0
0
0
0
0
0
0
71
0
0
0
0
76
0
0
0
0
0
0
0
0
0
86
0
0
0
0
0
92
0
0
0
0
97
0
99
0
0
0
0
0
105
0
0
0
0
110
111
0
0
0
0
0
0
0
0
0
0
122
0
0
125
0
0
0
0
0
0
0
0
0
0
0
0
0
0
0
0
0
0
0
0
0
0
0
0
0
0
0
0
0
155
0
0
0
0
0
0
0
0
0
0
0
0
0
169
170
171
0
0
0
0
0
177
178
0
0
0
0
0
0
0
186
187
0
0
0
0
0
0
0
0
0
0
0
0
0
0
0
0
0
0
0
0
0
0
210
0
0
0
0
0
0
0
0
0
0
0
0
0
0
0
226
0
0
0
0
231
0
233
0
0
0
0
0
0
0
0
0
243
0
0
0
0
0
0
250
0
0
0
0
0
256
257
258
0
0
0
0
0
0
0
0
267
0
0
0
0
0
273
0
0
0
0
0
0
0
0
0
0
0
0
0
287
0
0
0
0
0
293
294
0
0
0
0
0
300
0
0
0
0
0
0
0
0
0
0
0
0
0
0
0
0
0
0
0
0
0
0
0
0
0
0
0
0
0
0
0
0
0
0
0
0
0
0
0
0
0
0
0
0
0
0
0
0
0
350
0
0
0
0
0
0
0
0
0
0
0
0
0
0
0
0
0
0
0
0
0
0
373
0
0
0
0
0
0
380
0
0
0
384
0
0
0
0
0
0
0
0
0
0
0
0
0
0
0
0
0
0
0
0
0
0
0
0
0
0
0
0
0
0
0
0
0
0
0
0
0
0
0
0
0
0
0
0
0
0
0
0
0
0
0
0
0
0
0
440
0
0
0
0
0
0
0
0
0
0
451
0
0
0
455
456
0
0
0
0
0
462
0
0
0
0
0
0
0
0
0
0
0
0
0
0
0
0
0
0
0
0
0
0
0
0
487
0
0
0
0
0
0
0
0
0
0
0
0
500
0
0
0
0
0
0
0
0
0
510
0
512
0
0
0
0
0
518
0
0
0
0
0
0
0
0
0
0
0
0
0
532
0
0
0
0
0
0
0
0
0
0
0
0
0
0
547
0
0
0
0
0
0
0
0
0
0
558
0
0
561
0
0
0
0
0
0
0
0
0
0
0
573
0
575
0
0
0
0
0
0
0
0
0
0
0
0
0
0
0
0
0
0
0
0
0
0
0
0
0
601
0
0
0
0
0
0
608
0
0
0
0
0
0
0
0
0
0
0
0
0
0
623
0
0
0
0
628
0
630
0
0
0
0
635
0
0
0
0
0
641
642
0
0
0
0
0
648
0
0
0
0
0
654
0
0
0
0
0
0
0
0
0
0
665
0
0
0
669
0
671
0
0
0
0
0
0
0
0
0
0
0
0
0
0
0
0
0
0
0
0
0
0
0
0
0
0
0
699
0
0
0
0
0
0
0
0
0
0
0
0
0
0
0
0
0
0
0
0
0
0
0
723
0
0
0
0
0
0
730
0
0
0
0
0
736
0
0
0
0
0
0
0
0
0
0
0
748
0
750
751
0
0
0
0
0
0
0
0
0
0
0
0
0
0
0
767
0
769
0
0
0
0
0
0
0
0
0
0
0
0
782
0
0
0
0
0
0
789
0
0
0
0
0
795
796
0
0
0
0
801
0
0
0
0
0
0
808
0
0
0
0
0
0
0
816
0
0
0
0
0
0
0
0
0
0
0
0
0
0
0
832
0
0
0
836
0
0
0
0
0
0
843
0
0
0
0
0
0
0
0
0
0
0
0
0
0
0
0
0
0
0
0
0
0
0
0
0
0
0
0
872
873
0
0
0
0
0
0
0
0
0
0
0
0
886
0
0
0
0
0
0
0
0
0
0
0
0
899
0
0
902
903
0
0
0
0
0
0
0
0
0
913
0
0
0
0
0
919
0
0
0
923
0
0
0
927
0
0
0
0
0
0
0
935
0
0
0
0
940
0
0
0
944
0
0
0
948
0
0
0
0
0
0
0
0
957
0
0
0
0
0
0
0
0
0
967
0
0
970
0
0
0
0
0
0
0
978
0
0
0
0
0
0
0
0
0
0
0
0
0
0
0
0
0
0
0
0
0
0
0
1002
0
0
0
0
0
0
1009
0
0
0
0
1014
0
0
0
0
0
0
0
1022
0
0
0
0
0
0
0
0
1031
0
0
0
0
0
1037
0
0
0
0
0
0
0
0
0
1047
0
0
0
1051
0
0
0
0
0
0
0
1059
0
0
0
0
0
0
0
0
0
0
0
1071
0
1073
0
0
0
0
0
1079
0
0
0
1083
0
1085
0
0
0
0
1090
0
0
0
0
1095
0
0
1098
0
0
0
1102
1103
0
0
0
0
0
0
1110
0
0
0
0
0
0
1117
1118
0
0
0
0
0
0
0
0
1127
0
0
0
0
0
0
0
0
0
0
1138
0
0
0
1142
0
0
0
1146
0
0
0
0
0
0
1153
0
0
0
0
0
0
0
0
0
0
0
0
0
0
0
0
0
0
0
0
0
1175
0
0
0
0
0
0
0
0
0
0
0
0
0
1189
0
0
0
0
0
0
0
0
0
0
0
0
0
0
0
0
0
0
0
0
0
0
0
0
0
0
0
0
0
1219
0
0
0
0
0
0
0
1227
0
0
0
0
0
0
0
0
0
0
1238
0
0
1241
1242
0
0
0
0
0
0
0
0
0
0
0
0
0
0
0
0
0
0
0
0
0
0
0
0
0
0
0
0
1271
0
1273
0
0
0
1277
0
0
0
0
0
0
0
0
0
0
0
0
0
0
0
0
0
0
0
0
0
0
0
0
0
0
0
0
0
0
0
1309
1310
0
0
0
0
0
0
1317
0
0
0
0
0
0
0
0
0
0
0
0
0
0
1332
0
0
0
0
0
0
0
0
0
0
0
1344
0
0
0
1348
0
0
0
0
0
0
0
0
0
0
0
0
0
0
0
0
0
0
0
0
0
1370
0
0
0
0
0
0
0
0
0
0
0
0
0
0
0
0
0
0
0
0
0
0
0
1394
1395
0
1397
0
0
0
0
0
0
0
0
0
0
0
0
0
0
0
0
0
0
0
0
0
1419
0
0
0
1423
0
0
0
0
0
0
0
1431
0
0
0
0
1436
0
0
0
0
0
0
0
0
0
0
1447
0
0
0
0
0
0
0
0
0
1457
0
0
0
0
0
0
0
1465
0
0
0
0
0
1471
0
0
0
0
1476
0
1478
0
0
0
0
0
0
0
0
0
0
1489
0
0
0
0
0
0
0
1497
1498
0
1500
0
0
0
0
0
0
0
0
0
0
0
1512
0
0
0
0
0
0
0
0
0
0
0
0
0
0
0
0
0
0
0
0
0
0
0
0
0
0
0
0
0
0
0
1544
0
0
1547
0
0
0
1551
0
0
0
0
0
0
1558
0
0
0
0
0
0
0
0
0
0
0
0
0
0
0
0
0
0
0
0
1579
0
0
0
0
0
0
0
0
0
0
0
0
0
0
0
0
1596
0
0
0
0
0
0
1603
0
1605
0
0
0
0
0
0
0
0
0
0
0
0
0
0
0
0
0
1623
0
0
0
0
0
0
0
0
0
0
0
0
0
0
0
0
0
0
0
0
0
1645
0
1647
1648
0
0
0
0
1653
0
0
0
0
0
0
0
0
1662
0
0
1665
1666
0
0
0
0
0
0
1673
0
0
0
0
1678
0
1680
1681
0
0
0
0
0
1687
0
0
1690
0
0
0
0
0
0
0
0
1699
0
1701
0
0
0
0
0
0
0
0
0
0
0
1713
0
0
0
0
0
1719
0
0
0
0
1724
0
0
1727
0
0
0
0
0
1733
0
1735
1736
0
0
0
0
0
0
0
0
0
0
0
0
0
0
0
0
0
0
1755
0
0
0
0
0
0
0
1763
0
0
1766
1767
1768
0
1770
0
0
0
0
0
0
0
0
0
0
0
0
0
0
0
0
0
0
0
0
0
0
0
0
0
0
1797
0
0
0
0
0
0
0
0
0
0
0
0
0
0
0
0
0
0
0
0
0
0
0
0
0
0
0
0
0
0
0
0
0
0
0
0
0
0
0
0
0
0
1840
0
0
0
0
0
0
0
0
0
0
0
0
0
0
0
0
0
0
0
1860
0
0
0
0
0
0
0
0
1869
0
0
0
0
0
0
0
1877
0
0
0
0
0
0
1884
0
0
0
0
0
0
0
0
0
0
0
0
0
0
0
0
0
0
0
0
1905
0
0
0
0
0
0
0
0
0
0
0
0
0
0
0
0
0
0
0
0
0
0
0
0
0
1931
0
0
0
1935
0
0
0
0
1940
0
0
0
0
1945
0
0
0
0
0
0
0
0
0
0
0
0
0
0
1960
0
0
1963
0
0
0
0
0
1969
1970
0
0
0
0
0
1976
0
0
0
0
0
0
0
0
0
0
0
0
0
0
0
0
0
0
0
0
0
0
0
0
0
0
0
0
0
0
0
0
0
0
0
0
0
0
0
0
0
0
0
0
0
2022
0
2024
0
0
0
0
2029
2030
0
0
0
0
2035
2036
0
2038
0
0
0
0
0
2044
0
2046
2047
0
0
0
0
0
0
0
0
0
0
0
0
0
0
0
0
0
2065
0
0
0
0
0
0
2072
0
0
2075
0
2077
0
0
0
0
0
0
0
0
0
2087
2088
0
2090
0
0
0
0
0
0
0
0
0
0
0
0
0
0
0
0
0
0
0
0
0
0
0
0
0
0
0
0
0
0
0
2122
0
0
2125
0
0
0
0
0
0
0
0
0
0
0
0
0
2139
0
0
0
0
0
0
0
0
0
0
2150
0
0
2153
0
0
0
2157
0
2159
0
0
0
0
2164
0
2166
0
0
0
0
0
0
0
0
0
0
0
0
0
0
0
0
0
0
0
2186
0
0
0
0
0
0
0
0
0
2196
0
0
0
0
2201
0
0
0
0
0
0
0
0
0
0
0
0
0
0
0
0
0
0
0
0
2222
0
0
0
0
2227
0
0
0
0
0
0
0
0
0
0
2238
0
2240
0
0
0
0
0
0
0
0
0
0
2251
0
0
0
0
0
0
0
2259
0
0
2262
0
0
0
0
0
0
0
0
0
0
0
0
0
0
0
0
0
0
0
0
0
0
0
0
0
0
0
0
0
0
0
2294
0
0
0
0
0
0
0
0
0
0
0
0
0
0
0
0
0
0
0
0
0
0
2317
0
0
0
0
0
0
0
0
0
0
2328
0
0
0
0
0
0
0
0
0
0
0
0
0
0
0
0
0
0
0
0
0
0
0
2352
0
0
0
0
0
0
0
0
0
0
0
0
0
0
0
0
0
0
2371
0
0
0
0
0
0
0
0
0
0
0
0
0
0
0
0
0
0
2390
0
0
0
0
0
0
0
0
0
0
0
0
0
0
0
0
2407
0
0
0
0
0
0
0
0
0
0
0
0
0
0
0
0
0
0
0
0
0
0
0
0
2432
0
0
0
0
2437
0
0
0
0
0
0
0
0
0
0
2448
0
0
0
0
0
2454
0
2456
0
0
0
0
0
0
0
0
0
0
0
0
0
0
0
0
0
0
0
0
0
0
0
0
0
0
0
0
0
0
0
0
0
0
0
0
0
0
0
0
0
0
0
0
0
0
0
0
0
0
0
0
0
0
0
0
0
0
2515
0
0
0
0
0
0
0
0
0
0
0
0
0
0
0
2531
0
0
0
0
0
0
0
2539
0
0
0
0
0
0
0
0
0
0
0
0
0
0
0
0
0
0
0
0
0
2561
0
0
0
0
0
0
0
0
0
0
0
2573
0
0
2576
0
0
0
0
0
0
0
0
0
0
2587
0
0
0
2591
0
2593
0
0
0
0
0
0
0
0
0
0
2604
0
0
0
0
0
0
0
0
0
0
0
0
0
0
0
0
0
0
2623
0
0
2626
0
0
0
0
0
2632
0
0
0
0
2637
0
0
0
0
0
0
2644
0
0
0
0
0
0
0
0
0
0
0
0
0
2658
0
0
0
0
0
0
2665
0
0
0
0
0
0
0
0
0
0
0
0
0
0
0
0
0
0
2684
0
0
0
0
0
2690
0
0
2693
0
0
0
0
0
0
0
0
0
0
0
0
2706
0
0
0
0
0
0
0
0
0
0
2717
0
0
2720
0
0
2723
0
0
0
0
0
2729
0
2731
0
0
0
0
0
0
0
0
0
0
0
0
0
0
0
0
2748
0
0
0
0
0
0
0
0
0
0
0
0
0
0
0
0
0
2766
0
0
0
2770
2771
0
0
0
0
0
0
0
0
2780
0
0
0
0
0
0
0
0
0
0
0
0
2793
0
0
0
0
0
0
0
0
0
0
0
0
0
2807
0
0
0
0
0
0
0
0
0
0
0
0
0
0
0
0
0
0
0
2827
0
0
0
0
2832
0
0
0
0
0
0
2839
0
0
0
0
0
0
0
0
0
0
0
0
0
2853
2854
0
0
2857
2858
0
0
0
2862
2863
2864
0
0
0
0
0
0
0
0
0
0
0
0
0
0
2879
0
0
0
0
0
0
0
0
0
0
0
0
0
0
0
2895
0
0
0
0
0
0
0
0
0
0
0
0
0
2909
0
0
0
0
0
0
0
0
0
0
0
0
0
0
0
0
0
0
0
0
0
0
2932
0
0
0
0
0
2938
2939
0
0
0
0
0
0
0
0
0
0
0
0
0
0
0
0
0
0
0
0
0
0
0
0
0
0
0
0
0
0
0
0
0
0
2974
0
0
2977
0
0
0
0
0
0
0
0
0
0
0
0
0
0
0
0
0
2995
0
0
0
0
0
0
0
0
0
3005
0
0
0
3009
0
0
0
3013
0
0
3016
0
0
0
0
0
0
0
3024
0
0
0
0
0
0
0
0
0
0
0
3036
0
0
0
0
0
3042
0
0
0
0
0
0
0
0
0
0
0
0
3055
0
3057
0
0
3060
0
0
0
3064
0
0
0
0
0
3070
0
3072
0
0
0
0
3077
3078
0
0
0
0
0
0
0
0
0
0
0
3090
0
0
0
0
0
0
0
0
0
0
0
0
0
0
0
0
0
0
0
0
0
0
0
0
0
0
0
0
0
0
0
0
0
0
0
3126
0
0
0
0
0
0
0
0
0
0
0
0
0
0
0
0
0
0
0
0
0
0
0
0
0
0
0
0
0
0
0
0
0
0
0
0
0
0
0
3166
0
0
0
0
0
0
0
0
0
0
0
0
0
0
0
0
3183
0
0
0
0
0
0
0
0
0
0
3194
0
0
0
0
3199
0
0
0
0
0
0
0
0
0
3209
0
0
0
0
0
0
0
3217
0
0
0
0
0
3223
0
0
0
0
0
3229
0
0
3232
0
0
0
3236
0
0
0
0
3241
0
0
0
0
3246
0
0
0
0
0
3252
0
0
0
0
0
0
0
0
0
0
3263
0
0
0
0
0
0
0
0
3272
0
3274
0
0
0
0
0
0
0
0
0
0
0
0
0
0
0
0
0
0
0
0
0
0
0
0
0
0
0
0
0
0
3305
0
0
0
0
0
0
0
0
0
0
0
0
3318
0
0
0
0
0
0
0
0
0
0
0
0
0
3332
0
3334
0
0
0
3338
0
0
0
0
0
0
0
0
0
0
0
0
0
3352
0
0
0
0
3357
0
0
0
0
0
0
0
0
0
0
0
0
0
0
0
0
0
0
0
0
0
0
0
0
0
0
3384
0
0
0
0
0
0
3391
0
0
0
3395
0
0
0
0
0
0
0
0
0
0
0
0
0
0
0
0
3412
0
0
0
0
0
0
0
0
0
0
3423
0
0
0
0
0
0
0
0
3432
3433
3434
0
0
0
0
0
0
0
0
0
0
0
0
0
0
0
3450
0
0
0
0
3455
0
0
0
0
0
0
0
0
0
0
0
0
0
0
0
0
0
0
0
0
0
0
0
3479
0
0
0
3483
0
0
0
0
0
0
0
0
0
0
0
0
0
3497
0
3499
0
0
0
0
0
0
0
0
0
0
0
0
0
0
0
3515
0
0
0
0
0
0
3522
0
0
0
0
0
0
3529
0
0
0
0
0
0
0
0
0
3539
0
0
0
0
0
3545
0
0
3548
0
0
0
3552
0
0
0
0
0
0
0
0
0
0
0
3564
0
0
0
0
0
0
0
0
0
0
0
3576
0
0
0
0
0
0
3583
0
0
0
0
0
0
0
0
0
0
0
0
0
3597
0
3599
0
0
0
0
0
0
0
0
0
3609
0
0
0
0
0
0
0
0
0
0
0
0
0
0
0
0
0
0
3628
0
0
0
0
3633
0
0
0
0
0
3639
3640
0
0
0
0
0
0
0
0
3649
0
0
0
3653
3654
0
0
0
3658
0
0
0
0
0
0
0
3666
0
0
0
0
0
0
0
0
0
0
0
0
0
3680
0
0
0
0
3685
0
0
0
0
0
3691
0
0
0
0
0
0
0
0
0
0
0
0
0
0
0
0
0
3709
0
0
0
0
0
0
0
0
0
0
0
0
0
0
0
3725
0
0
0
0
3730
0
0
0
0
0
0
0
3738
0
0
0
0
0
3744
0
0
0
0
0
0
0
3752
0
0
3755
0
0
3758
0
0
0
0
0
0
0
0
0
0
0
0
0
0
0
0
0
0
0
3778
0
3780
0
0
0
3784
0
3786
0
0
0
0
0
0
0
0
0
0
0
0
0
0
0
0
0
3804
0
0
0
0
0
0
0
0
0
0
0
3816
0
0
0
0
0
3822
3823
0
0
0
0
0
3829
0
0
0
0
0
3835
0
0
0
0
0
0
0
0
0
3845
0
0
0
0
0
0
0
0
0
0
0
0
0
0
0
0
0
0
0
0
0
0
0
0
0
3871
0
3873
3874
3875
0
0
0
0
0
0
0
0
0
0
0
0
0
0
0
0
0
0
0
0
0
3897
0
0
0
3901
0
0
0
3905
0
3907
0
3909
0
3911
0
0
0
0
0
0
0
0
0
0
0
0
0
0
0
0
0
0
0
0
3932
0
0
0
0
3937
0
3939
0
0
0
0
0
0
0
0
0
0
0
0
3952
0
0
0
0
3957
0
0
0
0
0
3963
0
0
0
0
0
3969
0
0
3972
0
0
3975
0
0
0
0
3980
0
0
0
0
3985
0
0
0
0
0
0
0
0
0
0
3996
0
0
0
0
0
0
0
4004
0
0
0
0
0
4010
0
0
0
0
0
0
0
0
0
0
0
0
0
0
0
0
0
0
0
0
0
0
0
0
0
0
4037
0
0
0
0
4042
0
0
0
0
0
0
0
0
0
0
4053
0
0
0
4057
0
0
0
0
4062
0
0
0
0
0
0
0
4070
0
0
0
0
4075
0
0
4078
0
0
4081
0
0
0
0
0
0
0
0
0
0
0
0
0
0
0
0
0
0
0
0
0
0
0
0
0
4107
0
0
0
4111
0
0
4114
0
0
0
0
0
4120
0
0
0
0
0
0
0
0
0
0
0
0
0
0
0
0
0
0
0
0
0
0
0
0
0
0
0
4148
0
4150
0
0
0
4154
0
0
0
0
0
0
0
4162
0
0
0
0
0
0
0
0
0
0
0
0
4175
4176
0
4178
0
0
0
0
0
0
0
0
0
0
0
0
0
0
0
0
0
0
0
0
0
0
0
0
0
0
0
0
0
0
0
0
0
0
0
0
0
0
0
0
4219
0
0
0
0
0
0
4226
0
0
0
4230
0
0
0
0
0
0
0
4238
0
0
0
4242
4243
0
0
0
0
0
0
0
4251
0
0
0
0
4256
4257
0
0
0
0
0
0
0
0
0
0
0
0
0
0
0
0
0
0
0
0
0
0
0
0
0
0
0
0
0
4287
0
0
0
0
0
0
0
0
0
4297
0
0
0
0
0
0
0
4305
0
0
0
0
0
0
0
0
0
0
0
0
0
0
0
0
0
0
0
0
0
0
0
0
4330
0
0
4333
0
0
0
0
0
0
0
0
0
4343
0
0
0
0
0
0
0
0
0
4353
4354
0
0
4357
0
0
0
0
0
0
0
0
0
4367
0
0
0
4371
0
0
0
0
0
0
0
0
0
0
0
0
0
0
0
4387
0
0
0
0
4392
0
0
0
4396
0
0
4399
0
0
0
0
0
0
0
0
0
0
0
0
0
0
0
0
0
0
0
0
0
0
0
0
0
0
0
0
0
0
0
0
0
4433
0
0
0
0
0
0
0
0
0
0
0
0
0
0
0
0
0
0
0
0
0
0
0
0
0
0
0
0
0
4463
0
0
0
0
0
0
4470
0
0
0
0
0
4476
0
0
0
0
0
0
0
0
0
0
0
0
0
0
0
0
0
0
0
0
0
4498
0
4500
0
0
0
0
0
0
4507
0
0
0
0
0
4513
0
0
4516
4517
0
0
0
0
0
0
0
0
0
0
0
0
0
0
0
0
0
4535
0
0
0
0
0
0
4542
0
0
0
0
0
0
0
0
0
4552
0
0
0
0
0
0
0
0
0
0
0
0
0
4566
0
0
0
0
0
0
0
4574
4575
4576
0
0
0
0
0
0
0
0
0
0
0
0
0
0
0
0
0
0
0
0
4597
0
0
0
0
0
0
0
4605
0
0
0
0
0
0
0
4613
4614
0
0
0
0
0
0
0
0
4623
0
0
0
0
0
0
0
0
0
0
0
0
0
0
0
0
0
4641
0
0
0
0
0
0
0
0
0
0
0
0
0
0
0
0
0
0
0
0
0
0
0
0
0
0
0
0
0
4671
0
0
4674
0
0
0
0
0
0
0
0
0
0
0
0
0
0
0
0
0
0
0
0
0
0
0
0
0
0
0
0
0
0
0
0
0
0
0
0
0
0
0
0
0
0
0
0
0
0
0
0
0
0
0
0
0
0
0
0
0
0
0
0
0
0
0
0
0
0
0
0
0
0
0
0
0
4748
0
0
0
4752
4753
0
0
0
0
0
0
0
0
4762
0
0
0
0
0
0
0
0
0
0
0
0
0
0
0
0
0
0
0
0
0
0
0
0
0
4788
0
0
0
0
0
0
0
0
0
0
0
0
0
0
0
0
0
0
4807
0
0
0
0
0
0
0
0
0
0
0
4819
0
0
0
4823
0
0
0
0
0
0
0
0
0
4833
0
0
0
0
0
0
0
0
0
0
0
0
0
0
0
0
0
0
0
4853
0
0
0
0
0
0
0
0
0
4863
0
0
0
0
4868
0
0
0
0
0
0
0
0
0
0
4879
0
0
4882
0
4884
0
0
0
0
0
0
0
0
0
4894
0
0
0
0
0
4900
0
0
0
0
0
0
0
0
4909
0
0
0
4913
0
0
0
4917
4918
0
0
4921
0
0
0
0
0
0
0
0
0
4931
0
0
0
4935
0
0
0
0
0
0
0
0
0
0
0
0
0
0
4950
0
0
0
0
4955
0
4957
0
0
0
0
0
0
0
0
0
0
4968
0
0
0
0
0
0
0
0
0
4978
0
0
0
4982
0
0
0
0
0
0
0
4990
0
0
0
0
0
0
0
0
0
0
0
0
0
0
0
0
0
0
5009
5010
5011
0
0
0
5015
0
0
0
0
0
0
5022
0
0
5025
5026
5027
0
0
0
0
0
0
0
0
0
0
0
0
0
0
0
0
0
0
0
0
0
0
0
0
0
0
0
0
0
0
0
0
0
0
0
0
0
0
0
0
0
0
0
0
0
0
0
0
0
0
0
0
0
0
0
0
0
0
0
0
0
0
0
0
0
0
0
0
0
5097
0
0
0
0
0
0
0
0
0
0
0
0
0
5111
0
0
0
0
0
0
5118
5119
0
0
0
5123
0
0
0
0
0
0
5130
0
0
0
0
0
0
0
0
0
0
0
0
0
0
0
0
5147
0
0
0
0
0
0
0
0
0
0
0
0
0
0
0
0
0
0
0
0
0
0
0
0
0
0
0
0
0
5177
0
0
0
0
0
0
0
0
0
0
5188
5189
0
0
0
0
0
5195
0
5197
0
0
0
0
0
0
0
0
0
0
0
0
5210
0
0
0
0
0
0
0
0
0
0
0
0
5223
0
0
0
0
0
0
0
0
0
5233
0
0
0
0
0
0
5240
0
0
0
0
0
0
0
0
0
0
5251
0
0
0
0
0
5257
0
0
0
0
0
0
0
0
0
5267
0
0
0
0
0
5273
0
0
5276
0
0
0
0
0
0
0
5284
0
0
0
0
0
5290
0
0
0
0
0
0
0
0
0
0
0
0
0
5304
0
0
0
0
0
0
0
0
0
0
0
0
0
0
0
0
0
0
0
0
0
0
0
0
0
0
0
5332
0
0
0
5336
0
0
0
0
0
0
0
0
0
0
5347
0
0
0
0
5352
0
0
0
0
0
0
0
0
0
5362
0
0
0
0
0
0
0
5370
0
0
0
0
5375
0
0
0
0
0
0
0
0
0
0
0
0
0
0
0
0
0
0
0
0
0
0
0
0
0
5401
5402
0
0
0
0
0
0
0
0
0
0
0
0
0
0
0
0
5419
0
0
0
0
0
0
0
0
5428
0
0
0
0
0
5434
0
5436
5437
0
0
0
0
0
0
0
0
5446
0
0
5449
0
5451
0
0
0
0
0
0
0
0
0
0
5462
0
0
0
0
0
0
0
0
0
0
0
0
0
0
0
0
0
0
0
0
0
5484
0
0
0
0
0
0
5491
0
0
0
0
5496
0
0
5499
5500
0
0
0
0
0
0
0
0
0
0
0
0
0
0
0
5516
0
0
0
0
5521
0
5523
0
0
0
0
0
0
0
0
5532
0
0
0
0
5537
0
5539
0
0
0
0
5544
5545
0
0
0
5549
0
0
0
0
0
0
0
0
0
0
0
0
0
0
0
0
0
0
5568
0
0
0
0
5573
0
0
0
0
0
0
0
5581
0
0
0
0
0
0
0
0
0
0
0
0
0
0
0
0
0
0
0
0
0
0
5604
0
0
5607
0
0
0
0
0
0
0
0
0
0
5618
0
0
5621
0
0
0
0
0
0
0
0
0
0
0
0
0
0
0
0
5638
0
0
0
0
0
0
0
0
0
0
0
0
5651
0
0
0
0
0
0
0
0
0
0
0
0
0
0
0
0
0
0
0
0
0
5673
0
0
0
0
0
0
0
0
5682
0
0
0
0
0
0
5689
0
0
0
0
5694
0
0
5697
0
0
0
0
0
0
0
0
0
0
0
0
0
0
0
5713
0
0
0
5717
0
5719
0
0
0
0
0
0
0
0
0
5729
0
0
0
0
0
0
0
0
0
0
0
0
0
0
0
0
0
0
0
0
0
0
0
0
0
0
0
5757
0
0
0
0
5762
0
0
0
0
0
0
0
0
0
0
0
0
0
0
0
0
0
0
5781
0
0
0
0
0
0
0
0
0
0
0
0
0
0
0
0
0
0
0
0
5802
0
0
0
0
0
0
0
5810
0
0
0
5814
0
0
0
0
5819
0
0
0
0
0
0
0
0
0
5829
0
0
0
0
0
0
0
0
0
0
5840
5841
0
0
0
0
0
0
0
0
0
0
0
5853
0
0
0
0
0
0
0
0
0
0
0
0
0
5867
0
5869
0
0
5872
0
0
5875
0
0
0
0
0
0
0
5883
0
0
0
0
0
5889
0
0
0
0
0
0
0
0
0
5899
0
5901
0
0
0
0
0
0
0
0
0
0
0
0
0
0
0
5917
0
0
0
0
0
0
0
0
0
0
0
0
0
0
0
0
0
0
0
0
0
0
0
0
0
0
5944
5945
0
0
0
0
0
0
0
0
0
0
0
0
0
0
5960
0
0
0
0
0
0
0
0
0
0
0
0
0
0
0
0
0
0
0
0
0
0
0
0
0
5986
5987
0
5989
0
0
0
0
0
0
0
0
5998
0
0
0
0
0
0
0
0
0
6008
0
0
0
0
0
0
0
0
0
0
0
0
0
0
0
0
0
0
0
0
0
0
0
0
0
0
0
0
0
0
0
0
0
6042
0
0
0
0
6047
0
0
0
0
0
6053
0
0
6056
0
0
0
0
0
0
0
0
0
0
0
0
0
0
0
0
0
0
0
0
0
0
0
0
0
0
0
6084
6085
0
6087
0
0
0
0
0
0
6094
0
0
0
0
0
0
0
0
0
0
0
0
0
0
0
0
0
6112
0
0
0
0
0
0
0
0
0
0
0
0
0
0
0
0
0
6130
0
0
0
6134
0
0
0
0
0
0
0
6142
0
6144
0
0
0
0
0
0
0
0
6153
0
0
0
0
0
0
0
0
0
0
0
6165
0
0
0
6169
0
0
0
0
0
6175
6176
0
0
0
0
0
0
0
0
0
0
0
0
0
0
0
0
0
0
0
0
0
0
0
0
6201
0
0
0
0
0
0
6208
0
0
6211
0
0
0
0
0
0
0
0
0
0
0
0
0
0
6226
0
0
0
6230
0
6232
6233
0
0
0
0
6238
0
0
0
0
0
0
0
0
0
0
0
0
0
0
0
0
0
0
0
0
0
0
0
0
0
0
0
0
0
0
0
0
0
0
0
0
0
0
0
0
0
0
0
0
0
0
0
0
0
0
0
0
0
0
0
0
0
0
0
0
0
6300
6301
0
6303
0
0
0
0
6308
0
6310
0
0
0
0
0
0
0
6318
0
0
0
0
0
0
0
0
0
0
0
6330
0
6332
0
0
6335
0
0
0
0
0
0
0
0
6344
6345
0
0
0
0
0
6351
0
0
0
0
0
0
0
0
0
0
0
0
6364
0
6366
0
0
0
6370
0
6372
0
0
0
0
0
0
6379
0
0
0
0
0
0
0
6387
0
0
0
0
0
0
0
0
0
0
0
0
0
0
0
6403
6404
0
6406
0
0
6409
6410
6411
0
6413
0
0
0
0
0
0
0
0
0
0
0
0
0
0
0
0
0
0
0
6433
0
0
0
0
6438
0
0
0
6442
0
6444
6445
0
0
0
0
0
6451
0
0
0
0
0
0
6458
0
6460
0
0
0
0
0
0
0
0
0
0
0
0
0
0
0
0
0
0
0
0
0
0
0
0
6485
0
0
0
0
0
0
0
0
0
0
0
6497
0
6499
0
0
0
0
0
0
6506
0
0
0
0
0
0
6513
0
0
0
0
0
0
0
0
6522
0
6524
0
6526
6527
0
0
0
0
0
0
0
0
0
0
0
0
0
0
0
0
0
6545
0
0
0
6549
0
0
0
0
0
0
0
0
0
0
0
0
0
6563
0
0
6566
0
0
0
0
0
0
0
0
0
0
0
0
0
0
0
0
0
0
0
0
0
0
0
0
6591
0
0
0
0
0
0
0
0
0
0
0
0
0
6605
0
0
0
0
0
0
0
0
0
6615
0
0
0
0
0
0
0
0
6624
0
0
6627
0
0
0
6631
0
0
0
0
0
0
0
0
0
0
6642
0
0
0
6646
0
0
0
0
0
0
0
0
0
0
0
0
6659
0
0
0
0
0
0
0
0
0
0
0
0
0
0
0
0
0
6677
0
0
0
0
0
0
0
0
0
0
0
0
0
0
0
0
0
0
0
6697
0
0
0
0
0
0
0
6705
0
0
0
0
0
0
0
0
0
0
0
0
0
0
0
0
0
6723
0
0
0
0
6728
0
6730
0
0
0
0
0
0
0
0
0
0
0
0
0
6744
0
6746
0
0
0
6750
0
0
0
0
0
0
0
0
0
0
0
0
0
0
0
0
0
0
6769
0
0
0
0
0
0
0
0
0
0
6780
6781
0
0
0
0
0
0
6788
0
6790
0
0
0
0
0
0
0
0
0
0
0
0
0
0
0
0
6807
0
0
0
6811
0
0
6814
0
0
0
0
0
0
0
6822
0
0
0
0
0
0
0
0
0
0
0
0
0
0
0
0
6839
0
0
0
0
0
0
0
0
0
0
0
6851
0
0
0
0
0
0
0
6859
0
0
0
0
0
0
0
0
0
0
0
0
0
0
0
0
0
0
0
6879
0
6881
0
0
0
0
0
0
0
0
0
0
0
6893
0
6895
6896
0
0
0
0
0
0
0
0
0
0
0
0
0
0
0
0
0
6914
0
0
6917
0
0
0
0
0
6923
0
0
0
0
0
6929
0
0
0
0
0
0
0
6937
0
0
0
0
0
0
0
0
0
0
0
6949
0
0
0
0
0
0
0
0
0
0
0
0
6962
0
0
0
0
0
0
0
0
0
0
0
6974
6975
0
0
6978
0
6980
6981
6982
0
0
0
0
0
0
0
0
0
0
0
0
0
0
6997
0
0
0
0
0
0
0
0
0
0
0
0
0
0
0
0
0
0
0
0
0
0
0
7021
0
7023
0
7025
0
0
0
0
0
0
0
0
0
0
0
0
7038
0
0
0
0
7043
0
0
7046
0
0
0
0
0
0
0
0
0
0
7057
0
0
0
0
0
0
0
0
0
0
0
0
0
0
0
0
0
0
0
0
0
7079
0
7081
0
0
0
0
0
0
0
7089
0
0
0
0
0
0
0
0
0
0
0
0
0
0
0
0
0
7107
0
0
0
0
0
0
0
0
0
0
7118
0
7120
0
0
0
0
0
0
0
0
0
0
0
0
0
0
0
0
0
0
0
7140
0
0
0
0
0
0
0
7148
0
0
0
0
0
0
7155
0
0
0
0
0
0
0
7163
0
0
0
0
0
0
7170
0
0
0
7174
0
0
0
0
0
0
0
0
0
0
0
7186
0
0
0
0
0
0
0
0
0
0
0
0
0
0
0
0
0
0
0
0
0
0
0
0
0
0
0
7214
0
0
0
0
0
0
0
0
0
0
7225
0
0
0
7229
0
0
0
0
7234
0
0
0
7238
0
0
0
0
0
0
0
0
0
0
0
0
0
7252
0
0
0
0
0
0
0
0
0
0
0
0
0
0
7267
0
0
0
7271
0
0
0
7275
7276
0
0
0
0
0
7282
0
7284
0
0
0
0
0
0
0
0
0
0
0
0
0
0
0
0
0
0
0
7304
0
0
0
0
0
0
0
0
0
0
0
0
0
0
7319
0
0
0
0
0
0
0
0
0
0
7330
0
0
0
0
0
7336
0
0
0
0
0
0
0
0
0
0
0
0
7349
0
0
0
0
0
0
0
0
0
7359
0
7361
0
0
0
0
0
0
0
0
0
0
0
0
0
0
0
0
0
0
0
0
0
0
0
0
0
0
0
0
0
0
0
0
0
7395
0
0
0
7399
0
0
0
0
7404
0
0
0
0
0
0
0
0
0
0
0
0
0
0
0
0
7421
0
0
0
0
0
0
7428
0
0
0
0
0
0
0
0
0
0
0
0
0
7442
7443
0
0
7446
0
0
0
0
0
0
0
0
0
7456
0
0
0
0
7461
0
0
0
0
0
0
0
0
0
0
0
0
0
0
0
0
0
0
0
0
0
0
7484
0
0
0
7488
0
0
0
0
0
0
0
0
7497
0
0
0
0
0
0
0
0
0
0
0
0
7510
0
0
0
0
0
0
0
0
7519
0
0
0
0
0
0
0
0
0
0
7530
0
0
0
7534
0
0
0
0
7539
0
0
0
0
0
0
0
0
0
0
0
0
0
7553
0
7555
0
0
0
7559
0
0
7562
7563
0
0
0
7567
0
0
0
0
0
0
0
0
7576
0
0
7579
0
0
0
0
0
0
0
0
0
0
0
0
0
0
0
0
0
0
0
7599
0
0
0
0
7604
0
0
7607
0
0
7610
0
0
0
0
7615
0
0
0
0
0
0
0
0
0
0
0
0
0
0
0
0
7632
0
0
0
0
7637
7638
0
0
7641
0
0
0
0
0
0
7648
0
0
0
0
7653
0
0
0
0
0
0
0
0
0
0
0
7665
0
0
0
0
0
0
0
0
0
0
7676
0
0
0
0
0
0
0
0
0
0
0
0
0
0
0
0
0
0
0
7696
7697
0
0
0
0
0
0
0
7705
0
0
0
0
0
0
0
0
0
0
0
0
0
0
0
0
0
0
7724
0
0
0
0
0
0
0
0
0
0
0
0
0
0
0
0
0
0
0
0
0
0
0
0
0
0
0
0
0
0
0
7756
0
0
0
0
0
0
0
0
0
0
0
0
0
0
0
0
0
0
0
0
0
0
0
0
0
0
0
0
0
0
0
0
0
7790
0
0
0
0
7795
0
0
0
0
0
0
0
0
0
0
0
7807
0
0
0
0
0
0
0
0
0
0
0
0
0
0
7822
7823
0
7825
0
0
0
0
0
0
0
0
0
0
0
0
0
0
0
0
0
0
7844
0
0
0
7848
7849
0
0
0
0
0
0
0
0
0
0
0
7861
0
0
0
0
7866
0
0
0
0
0
0
0
0
0
7876
0
0
0
0
0
0
0
0
0
0
7887
0
0
0
0
0
7893
0
0
7896
7897
0
0
0
0
0
7903
0
0
7906
0
0
0
0
0
0
0
0
0
0
0
0
7919
0
0
0
0
0
0
0
0
0
7929
7930
0
7932
0
0
0
0
0
0
7939
0
0
0
0
0
7945
0
7947
0
0
0
7951
0
0
7954
0
0
0
0
0
7960
0
0
0
0
0
0
0
7968
0
0
0
0
0
0
0
0
0
0
0
7980
0
7982
0
0
0
0
0
0
0
0
0
0
0
0
0
7996
0
0
0
0
0
0
0
0
8005
0
0
0
0
0
0
0
0
8014
0
0
0
0
0
8020
8021
0
8023
0
0
0
8027
0
0
0
0
0
8033
0
0
0
0
0
0
0
0
0
0
0
8045
0
0
0
8049
8050
0
0
0
0
0
0
0
0
0
0
0
0
0
0
0
0
0
0
0
0
8071
0
0
0
0
0
0
0
0
0
0
0
0
8084
0
0
8087
0
0
0
0
0
0
0
0
0
0
8098
8099
0
0
0
0
8104
0
8106
0
0
0
0
0
8112
0
0
0
0
0
8118
0
0
0
8122
0
0
0
0
0
0
0
0
0
0
8133
0
0
8136
0
0
0
0
0
0
0
0
0
0
0
0
0
0
0
0
0
8154
0
0
0
0
0
0
0
0
0
0
0
0
0
0
0
0
0
0
0
0
0
0
0
0
8179
0
8181
0
0
0
0
0
0
0
0
0
0
0
0
0
8195
8196
0
0
0
0
0
0
0
0
0
0
0
0
0
0
0
0
0
0
0
0
0
0
8219
0
0
0
0
0
0
0
0
0
0
8230
0
0
0
0
0
0
0
0
0
0
8241
0
8243
8244
0
0
0
0
0
0
8251
0
0
0
0
0
0
0
0
0
0
8262
0
0
0
0
0
0
0
0
0
0
0
0
0
0
0
0
0
0
0
0
0
0
0
8286
0
8288
0
0
0
0
0
0
0
0
0
0
0
0
0
0
0
8304
0
8306
0
0
8309
0
0
0
0
0
0
8316
0
0
0
0
0
0
0
0
0
8326
0
0
0
0
0
0
0
0
0
0
0
0
8339
0
0
0
0
0
0
0
8347
0
0
0
0
0
0
0
0
0
0
0
0
0
0
0
0
0
0
0
0
0
0
8370
0
0
0
0
0
0
0
0
0
8380
0
0
0
8384
0
0
0
0
0
8390
8391
0
0
0
0
0
0
0
0
0
0
0
0
0
0
0
0
0
0
0
0
0
0
0
8415
0
0
0
0
0
0
0
0
0
0
0
0
0
8429
0
0
0
8433
0
0
0
0
8438
0
0
0
0
0
0
0
0
0
8448
0
0
0
8452
0
0
0
0
8457
0
0
0
0
0
8463
0
0
0
0
0
0
0
0
0
0
0
0
0
0
0
0
0
0
0
0
0
0
0
0
0
0
0
0
8492
0
0
0
0
0
0
0
0
0
0
0
0
0
0
0
8508
0
0
0
0
0
8514
0
0
0
0
0
0
0
0
0
0
0
0
8527
0
0
0
0
0
8533
0
8535
0
8537
0
0
0
0
0
0
8544
0
0
0
0
0
0
0
0
0
0
0
8556
0
0
0
0
0
0
0
0
0
0
0
0
0
0
0
0
0
0
0
0
0
0
0
0
0
0
0
0
0
0
0
0
0
0
0
8592
0
0
8595
0
0
0
0
0
0
8602
0
0
0
0
0
0
0
0
0
0
0
0
0
0
0
0
0
0
0
8622
0
0
0
8626
0
0
0
0
0
0
0
8634
0
0
0
0
8639
0
0
0
0
0
0
0
0
0
8649
0
8651
0
0
0
0
0
0
0
0
0
8661
0
0
0
0
0
0
0
0
0
0
0
0
0
0
0
0
0
0
0
0
8682
8683
0
0
0
8687
8688
0
0
0
0
0
0
0
0
0
0
0
0
0
0
0
0
0
0
0
0
8709
8710
0
0
0
0
8715
0
8717
0
0
0
0
0
0
0
0
0
0
8728
0
0
0
0
0
0
0
0
0
0
8739
0
8741
8742
0
0
0
0
0
0
8749
0
0
0
0
0
0
0
0
0
0
0
8761
0
0
0
0
0
0
0
0
0
0
0
0
0
0
0
0
0
0
0
0
0
8783
0
0
0
0
0
0
0
0
0
8793
0
0
0
0
0
0
0
0
0
0
0
0
0
0
8808
0
0
8811
0
0
0
0
0
0
0
0
0
0
8822
8823
0
0
0
0
0
0
0
8831
0
0
0
0
0
0
0
0
0
0
0
0
0
0
0
0
0
0
0
0
0
0
0
0
0
0
0
0
0
0
0
0
8864
0
0
0
0
0
0
0
0
0
0
0
8876
0
0
0
0
0
0
0
0
0
0
8887
0
0
0
0
0
0
8894
8895
0
8897
0
8899
0
0
0
0
0
0
0
0
0
0
0
0
0
0
0
8915
0
8917
0
0
0
0
0
0
0
0
0
8927
8928
0
0
0
0
0
0
0
0
0
0
0
0
0
0
0
0
0
0
0
0
0
0
0
0
0
0
0
0
0
0
0
0
0
0
0
0
0
0
0
0
0
0
0
0
0
0
8975
0
0
0
0
0
0
8982
0
0
0
0
0
0
0
0
8991
0
0
0
0
0
0
8998
8999
0
0
0
0
0
0
0
0
0
0
0
0
0
0
0
0
0
0
0
0
0
0
9022
0
0
0
0
0
9028
0
0
0
0
0
0
0
0
9037
0
0
0
0
0
0
0
0
9046
0
9048
0
0
9051
0
0
0
0
0
0
0
0
9060
9061
0
0
0
0
0
0
0
0
0
9071
0
0
0
0
0
0
0
0
0
0
0
9083
0
0
0
0
0
0
0
0
0
0
0
0
0
0
0
0
9100
9101
0
0
0
0
0
9107
0
0
0
9111
0
0
9114
0
0
0
9118
0
0
0
0
0
0
0
0
0
0
0
0
9131
0
9133
0
0
0
0
0
0
0
0
9142
0
0
0
0
0
0
0
0
0
0
0
0
0
0
0
0
0
0
0
0
0
9164
0
0
9167
0
0
0
0
0
0
0
9175
0
0
0
0
0
0
0
0
0
0
0
0
0
0
0
0
0
0
0
0
9196
0
9198
0
0
0
0
9203
0
0
0
0
0
0
0
0
0
0
0
0
0
9217
0
0
0
0
9222
0
0
0
0
0
0
0
0
0
0
9233
0
0
0
0
0
0
0
0
0
0
0
0
0
0
9248
0
0
0
0
0
0
0
0
9257
0
0
0
0
0
9263
9264
0
0
9267
0
0
0
0
0
0
0
0
0
0
0
0
0
0
0
0
0
0
0
0
0
0
0
9291
0
0
0
0
0
0
0
0
0
0
0
9303
9304
0
9306
0
0
0
0
0
0
0
0
0
0
0
0
0
0
0
0
0
0
0
0
0
0
0
0
9331
0
9333
0
0
0
0
0
0
0
9341
0
0
0
0
0
0
0
0
0
0
0
0
0
0
0
0
0
0
9360
0
0
0
9364
0
0
0
0
0
0
0
0
0
9374
0
0
0
0
0
9380
0
0
0
0
0
0
0
9388
0
0
0
0
0
0
0
0
0
0
0
0
0
0
0
0
0
0
0
0
9409
0
0
0
0
0
0
0
0
0
0
0
9421
0
0
0
9425
0
0
0
0
0
0
0
0
0
9435
0
0
0
0
0
0
0
0
9444
0
0
0
9448
0
9450
0
9452
0
0
0
0
0
9458
0
0
0
9462
9463
0
0
0
0
0
0
0
0
0
0
0
0
0
0
0
0
0
0
0
0
0
0
0
0
0
0
0
0
0
0
0
9495
0
0
0
0
9500
0
0
0
0
0
0
0
0
0
9510
0
0
0
0
0
0
0
0
0
0
0
0
0
0
9525
0
0
0
0
0
0
0
0
9534
9535
0
0
0
0
0
0
0
0
0
0
0
0
0
0
0
9551
9552
0
0
0
0
0
0
0
0
0
0
0
0
0
0
0
0
0
0
0
0
0
0
0
9576
0
0
0
0
9581
0
0
0
0
0
0
9588
0
0
0
0
0
0
0
0
0
0
0
0
0
0
9603
0
0
0
0
0
0
0
0
0
0
0
0
0
0
9618
0
0
9621
0
0
0
0
0
0
0
0
0
0
0
0
0
0
0
0
0
0
9640
0
9642
0
0
0
0
0
9648
0
0
0
0
9653
0
0
9656
0
9658
0
0
0
9662
9663
0
0
0
9667
0
9669
0
0
0
9673
9674
0
0
0
9678
0
9680
9681
0
0
0
0
0
0
0
0
0
0
0
0
0
0
0
0
0
9699
9700
0
0
0
0
0
0
0
0
0
9710
0
0
9713
0
0
0
9717
0
0
9720
0
0
9723
9724
0
0
0
0
9729
0
0
0
0
0
0
0
0
0
0
0
0
0
9743
0
0
0
0
9748
0
0
0
0
0
0
0
9756
0
0
0
0
0
0
0
0
0
9766
9767
0
0
0
0
0
0
0
0
0
0
0
0
0
0
0
0
0
0
0
0
0
0
9790
0
0
9793
0
0
0
9797
9798
0
0
0
9802
0
0
0
0
0
0
0
0
0
0
0
0
0
0
9817
0
0
0
0
9822
0
0
0
0
0
0
0
0
0
0
0
0
0
0
9837
0
0
9840
0
0
0
0
0
0
0
0
0
0
0
0
0
0
0
0
0
0
0
0
0
0
0
0
0
9866
0
0
0
0
0
0
0
0
0
0
0
0
0
0
9881
9882
0
0
0
0
0
0
0
0
0
0
9893
0
0
0
0
0
0
0
0
0
0
0
9905
0
0
0
0
0
0
0
0
0
0
0
0
0
0
0
0
0
0
0
0
0
0
0
0
9930
0
0
0
0
0
0
9937
9938
0
0
0
0
0
0
9945
0
0
0
0
0
0
0
0
0
0
0
0
0
0
0
0
0
0
0
0
0
0
0
0
0
0
9972
0
0
0
0
0
0
0
0
0
0
0
0
0
9986
0
0
0
9990
0
9992
0
0
0
0
0
0
0
0